3047.0000	1 48 36
3211.0000	2 48 57
3445.0000	3 48 6
3573.0000	4 48 60
3829.0000	5 48 31
3949.0000	6 48 45
4336.0000	7 48 32
4336.0000	8 32 30
4403.0000	9 32 46
4425.0000	10 32 23
4526.0000	11 32 67
4774.0000	12 32 25
4992.0000	13 48 44
5065.0000	14 32 28
5401.0000	15 48 33
5438.0000	16 67 39
5489.0000	17 28 74
5533.0000	18 32 35
5621.0000	19 28 40
5697.0000	20 32 75
6003.0000	21 28 43
6406.0000	22 40 41
6617.0000	23 40 37
6801.0000	24 40 50
6921.0000	25 40 62
7623.0000	26 31 17
8084.0000	27 28 72
8151.0000	28 44 63
8222.0000	29 62 24
8401.0000	30 31 65
8923.0000	31 46 49
9011.0000	32 40 59
9084.0000	33 67 14
9181.0000	34 31 71
9426.0000	35 31 64
9472.0000	36 67 51
9475.0000	37 40 66
9602.0000	38 48 47
9711.0000	39 40 38
9983.0000	40 46 68
10100.0000	41 31 73
11051.0000	42 30 21
13532.0000	43 31 27
15367.0000	44 64 69
16566.0000	45 41 42
16843.0000	46 41 19
16913.0000	47 50 8
17080.0000	48 23 26
17169.0000	49 23 70
18589.0000	50 48 20
18635.0000	51 59 53
18962.0000	52 35 56
23862.0000	53 73 10
24276.0000	54 25 13
24361.0000	55 47 12
27614.0000	56 47 11
27968.0000	57 25 0
28922.0000	58 50 34
29013.0000	59 36 15
29201.0000	60 6 5
29203.0000	61 25 16
29417.0000	62 36 4
30204.0000	63 6 7
30629.0000	64 25 22
30689.0000	65 51 3
31883.0000	66 6 54
33952.0000	67 30 18
34101.0000	68 47 55
34333.0000	69 25 61
34766.0000	70 25 2
36295.0000	71 54 58
39517.0000	72 73 9
39557.0000	73 54 1
52887.0000	74 20 29
63010.0000	75 11 52
