82.0000	1 73 31
459.0000	2 73 60
701.0000	3 73 26
1209.0000	4 73 17
1223.0000	5 73 2
1629.0000	6 73 44
1749.0000	7 73 33
1749.0000	8 73 35
1865.0000	9 73 74
2005.0000	10 73 36
2672.0000	11 73 24
3135.0000	12 36 48
3400.0000	13 36 46
3519.0000	14 73 45
3951.0000	15 36 75
4046.0000	16 73 23
4200.0000	17 73 28
5102.0000	18 75 40
5431.0000	19 75 41
5707.0000	20 75 32
5997.0000	21 75 50
6534.0000	22 41 37
6655.0000	23 31 30
7175.0000	24 75 65
7305.0000	25 36 59
7476.0000	26 45 67
7835.0000	27 73 49
7876.0000	28 75 62
8182.0000	29 35 63
8183.0000	30 62 25
8192.0000	31 62 43
8217.0000	32 62 72
8841.0000	33 75 21
9179.0000	34 75 71
9315.0000	35 75 66
9426.0000	36 31 64
9469.0000	37 75 51
9509.0000	38 35 47
9680.0000	39 35 14
9711.0000	40 40 38
9983.0000	41 46 68
13295.0000	42 71 27
13776.0000	43 35 8
15338.0000	44 27 69
16412.0000	45 75 42
16843.0000	46 41 19
17135.0000	47 23 70
18589.0000	48 48 20
18635.0000	49 59 53
18962.0000	50 35 56
23759.0000	51 73 6
23862.0000	52 73 10
24361.0000	53 47 12
24392.0000	54 56 13
27614.0000	55 47 11
27972.0000	56 25 0
28922.0000	57 50 34
29013.0000	58 36 15
29201.0000	59 6 5
29203.0000	60 25 16
29417.0000	61 36 4
30204.0000	62 6 7
30629.0000	63 25 22
30689.0000	64 51 3
31883.0000	65 6 54
33948.0000	66 30 18
34101.0000	67 47 55
34333.0000	68 25 61
36295.0000	69 54 58
39517.0000	70 73 9
39557.0000	71 54 1
47731.0000	72 9 39
52887.0000	73 20 29
63010.0000	74 11 52
