0 42
0 39
0 27
0 20
0 43
0 22
0 15
0 18
0 48
0 50
0 36
0 51
0 45
0 25
0 2
0 13
0 30
0 40
1 56
1 37
1 46
1 28
1 38
1 33
1 48
1 54
1 51
1 7
1 58
1 13
1 22
1 16
1 49
1 5
1 11
1 12
1 31
1 36
1 53
1 39
1 52
1 24
1 9
3 56
3 20
3 35
3 43
3 8
3 26
3 41
3 29
3 30
3 15
3 40
3 55
3 57
3 32
3 10
3 6
3 23
3 51
3 18
3 44
3 39
4 58
4 34
4 44
4 13
4 19
4 8
4 41
4 45
4 24
4 29
4 53
4 35
1 4
4 42
4 51
4 49
4 7
4 56
4 37
4 27
4 5
4 20
4 2
4 43
4 22
3 4
4 17
4 40
4 46
4 18
4 55
4 21
4 9
4 36
4 31
4 11
4 12
4 15
4 28
0 4
6 56
6 20
6 13
6 43
6 8
6 30
6 15
6 40
6 55
6 21
6 57
6 23
6 39
6 26
6 10
6 11
6 12
6 51
7 42
7 49
7 53
7 37
7 31
7 27
7 44
7 22
7 51
7 13
7 45
7 28
7 2
7 43
0 7
7 39
1 8
8 42
8 51
8 49
7 8
8 56
8 53
8 58
8 39
8 37
8 34
8 44
8 31
8 27
8 20
8 35
8 13
8 43
8 22
8 19
8 26
8 52
8 41
8 45
8 24
8 29
8 17
8 30
8 15
8 40
8 46
8 18
8 55
8 21
8 28
8 38
8 57
8 25
8 32
8 33
8 48
0 8
8 10
8 54
8 50
8 36
8 23
8 47
8 16
8 11
8 12
8 9
10 51
10 56
10 20
10 19
10 26
10 41
10 17
10 30
10 15
10 40
10 46
10 18
10 55
10 57
10 32
10 33
10 54
10 23
10 48
10 25
13 42
13 51
13 49
13 56
13 53
13 58
13 39
13 37
13 34
13 44
13 31
13 27
13 20
13 35
13 43
13 22
3 13
13 19
13 26
13 52
13 41
13 45
13 24
13 29
13 17
13 30
13 15
13 40
13 46
13 18
13 55
13 21
13 28
13 38
13 57
13 25
13 32
13 33
13 48
10 13
13 54
13 50
13 36
13 23
13 47
13 16
13 11
13 12
13 9
13 5
13 2
14 49
14 37
14 31
14 43
14 22
14 19
14 17
14 46
14 18
14 21
14 28
14 38
14 25
14 48
14 47
14 45
14 42
14 16
15 56
15 20
15 35
15 43
15 22
15 19
15 26
15 52
15 41
15 45
15 24
15 29
15 17
15 30
15 40
15 46
15 18
15 55
15 21
15 28
15 38
15 57
15 25
15 32
15 33
15 48
15 23
15 51
17 49
17 53
17 58
17 37
17 31
17 35
17 43
17 22
17 19
17 52
17 41
17 45
17 24
17 18
17 21
17 28
17 38
17 25
17 47
17 42
17 51
17 48
17 11
17 12
17 46
1 17
17 16
7 17
17 56
17 39
17 5
17 34
17 44
17 27
17 20
17 2
3 17
17 26
17 29
17 30
17 40
17 55
17 57
17 32
17 33
0 17
17 9
17 54
6 17
17 50
17 36
17 23
18 49
18 53
18 37
18 34
18 44
18 35
18 43
18 22
18 19
18 52
18 41
18 45
18 24
18 46
18 55
18 21
18 28
18 38
18 25
18 48
18 36
18 47
19 49
19 58
19 37
19 31
19 20
19 35
19 43
19 22
3 19
19 26
19 52
19 41
19 45
19 24
19 29
19 25
19 48
0 19
19 54
19 47
19 53
19 27
19 21
19 11
19 36
20 51
20 56
20 43
20 22
20 26
20 45
20 24
20 30
20 40
20 46
18 20
20 55
20 38
20 57
20 25
20 32
20 33
20 54
20 23
20 52
20 41
20 29
20 36
20 5
20 2
20 48
21 37
21 35
21 43
21 22
21 52
21 24
21 46
21 38
21 25
21 48
21 47
21 53
21 31
21 27
21 26
21 41
21 45
21 40
21 55
21 28
21 32
21 33
0 21
10 21
21 54
21 36
1 21
21 42
21 51
21 49
21 16
7 21
21 56
21 58
21 39
21 34
21 44
20 21
3 21
21 29
21 30
21 11
21 12
21 57
21 9
21 50
21 23
21 5
21 2
22 42
22 51
22 49
22 56
22 53
22 58
22 39
22 37
22 34
22 44
22 31
22 27
22 35
22 43
3 22
22 26
22 52
22 41
22 45
22 24
22 29
22 30
22 40
22 46
22 55
22 28
22 38
22 57
22 25
22 32
22 33
22 48
10 22
22 54
6 22
22 50
22 36
22 23
22 47
22 16
22 11
22 12
22 9
22 5
22 2
23 26
23 30
23 40
23 55
23 28
23 38
23 57
23 32
23 56
26 51
26 56
26 30
26 40
26 55
26 57
26 32
26 48
26 54
26 36
1 26
26 5
18 26
28 37
28 45
28 38
28 25
28 49
28 53
28 31
28 46
28 47
28 43
19 28
28 11
28 12
28 9
28 5
28 24
28 42
30 51
30 56
30 43
19 30
30 52
30 40
30 55
30 38
30 57
30 32
30 54
31 49
31 56
31 53
31 58
31 39
31 37
31 27
31 35
31 45
31 24
31 46
31 16
31 43
31 11
31 9
32 56
32 40
32 55
32 57
32 51
33 56
33 40
33 46
33 54
33 51
33 11
33 5
33 24
34 49
34 44
34 29
34 41
34 9
34 36
34 51
34 53
34 5
34 37
34 27
3 34
34 25
34 58
19 34
34 24
1 34
35 49
35 53
35 58
35 37
35 43
35 52
35 41
35 45
35 24
35 29
28 35
35 38
35 25
35 42
35 56
35 39
35 44
35 27
20 35
26 35
35 40
35 46
35 9
35 54
35 47
7 35
35 5
35 2
35 57
36 42
36 51
36 49
7 36
36 56
36 53
36 58
36 39
36 37
36 44
31 36
36 27
35 36
36 43
3 36
36 52
36 41
36 45
36 24
36 29
30 36
15 36
36 40
36 46
36 55
28 36
36 38
36 57
36 25
32 36
33 36
36 48
10 36
36 54
6 36
36 50
23 36
36 47
36 16
36 11
36 12
36 9
36 5
36 2
41 37
41 43
41 52
41 45
41 24
41 29
41 38
41 25
41 48
41 42
41 49
41 58
41 27
41 2
41 44
1 42
42 51
42 49
42 56
42 53
42 58
42 39
42 37
34 42
42 44
31 42
42 27
20 42
42 43
3 42
19 42
26 42
42 52
42 45
42 24
42 29
30 42
15 42
42 40
42 46
18 42
42 55
42 38
42 57
42 25
32 42
33 42
42 48
10 42
42 54
6 42
42 50
23 42
42 47
42 16
42 11
42 12
42 9
42 5
42 2
1 43
43 49
43 56
43 53
43 58
43 39
43 37
43 44
43 27
26 43
43 52
43 45
43 24
43 29
43 40
43 46
43 55
43 38
43 57
43 25
33 43
43 48
10 43
43 47
43 51
43 11
43 12
43 9
43 54
43 50
43 16
43 5
43 2
34 43
32 43
1 44
44 51
44 49
44 56
44 53
44 58
44 39
44 37
31 44
44 27
20 44
19 44
26 44
44 52
44 45
44 24
44 29
30 44
15 44
44 40
44 46
44 55
28 44
44 38
44 57
44 25
32 44
33 44
44 48
0 44
10 44
44 54
6 44
44 50
23 44
44 47
44 16
44 11
44 12
44 9
44 5
45 49
45 58
45 37
45 52
45 24
45 29
45 46
45 38
45 53
45 39
45 27
45 25
45 51
45 11
45 12
45 9
45 16
45 5
45 2
3 45
1 45
33 45
46 51
46 56
46 37
3 46
19 46
26 46
46 52
41 46
46 24
30 46
46 40
46 55
46 38
46 25
32 46
46 48
0 46
46 54
46 47
46 49
46 53
46 58
46 27
46 16
46 11
46 5
46 2
3 47
47 38
47 25
47 48
31 47
47 40
1 47
47 51
47 49
47 16
4 47
7 47
47 56
47 53
47 58
47 39
47 5
47 37
34 47
47 27
20 47
47 2
26 47
47 52
41 47
45 47
47 24
47 29
30 47
47 11
47 12
15 47
47 55
47 57
32 47
33 47
0 47
47 9
10 47
47 54
6 47
47 50
23 47
