3519.0000	1 45 73
3638.0000	2 45 46
3639.0000	3 45 44
3666.0000	4 45 50
3666.0000	5 45 17
3775.0000	6 45 63
3900.0000	7 45 48
4206.0000	8 45 30
4334.0000	9 45 32
4827.0000	10 45 31
4919.0000	11 45 35
4919.0000	12 45 23
4963.0000	13 35 65
5314.0000	14 35 37
5366.0000	15 45 28
5441.0000	16 35 14
5568.0000	17 35 24
5637.0000	18 45 25
5688.0000	19 35 74
5969.0000	20 45 75
5995.0000	21 45 33
6540.0000	22 35 40
6719.0000	23 44 67
7039.0000	24 65 60
7876.0000	25 75 62
7904.0000	26 44 41
8610.0000	27 35 43
8841.0000	28 75 21
8904.0000	29 65 64
8914.0000	30 74 49
9123.0000	31 67 59
9181.0000	32 31 71
9315.0000	33 75 66
9462.0000	34 35 47
9469.0000	35 75 51
9983.0000	36 46 68
10309.0000	37 44 38
13133.0000	38 68 26
13415.0000	39 31 27
13776.0000	40 35 8
14907.0000	41 75 36
15236.0000	42 27 69
16412.0000	43 75 42
16861.0000	44 75 19
17135.0000	45 23 70
18589.0000	46 48 20
18635.0000	47 59 53
18962.0000	48 35 56
23759.0000	49 73 6
23862.0000	50 73 10
24135.0000	51 20 13
24361.0000	52 47 12
27614.0000	53 47 11
27968.0000	54 25 0
28922.0000	55 50 34
29201.0000	56 6 5
29203.0000	57 25 16
29285.0000	58 71 15
29417.0000	59 36 4
30204.0000	60 6 7
30629.0000	61 25 22
30689.0000	62 51 3
31883.0000	63 6 54
33948.0000	64 30 18
34101.0000	65 47 55
34333.0000	66 25 61
34766.0000	67 25 2
36295.0000	68 54 58
39517.0000	69 73 9
39557.0000	70 54 1
44415.0000	71 20 39
52887.0000	72 20 29
57884.0000	73 11 72
63010.0000	74 11 52
