3047.0000	1 48 36
3211.0000	2 48 57
3445.0000	3 48 6
3573.0000	4 48 60
3829.0000	5 48 31
3949.0000	6 48 45
4336.0000	7 48 32
4472.0000	8 48 46
4473.0000	9 46 63
4566.0000	10 46 30
4686.0000	11 46 23
4827.0000	12 46 35
4872.0000	13 48 67
4992.0000	14 48 44
5401.0000	15 48 33
5571.0000	16 46 41
5691.0000	17 46 75
6061.0000	18 46 40
8923.0000	19 46 49
9327.0000	20 46 24
9340.0000	21 48 43
9602.0000	22 48 47
9703.0000	23 48 62
9776.0000	24 48 71
9805.0000	25 46 64
9818.0000	26 71 66
9818.0000	27 71 68
9843.0000	28 66 59
9895.0000	29 48 38
9915.0000	30 71 21
9998.0000	31 71 73
10068.0000	32 66 14
10770.0000	33 62 65
11142.0000	34 62 25
11145.0000	35 66 74
11757.0000	36 47 50
12813.0000	37 32 51
12901.0000	38 47 37
13218.0000	39 32 28
13295.0000	40 71 27
15281.0000	41 27 8
15338.0000	42 27 69
16934.0000	43 27 19
17080.0000	44 23 26
17169.0000	45 23 70
18589.0000	46 48 20
18673.0000	47 59 53
19043.0000	48 44 56
23862.0000	49 73 10
23896.0000	50 73 42
24135.0000	51 20 13
24361.0000	52 47 12
27614.0000	53 47 11
27968.0000	54 25 0
29013.0000	55 36 15
29105.0000	56 59 34
29201.0000	57 6 5
29203.0000	58 25 16
29417.0000	59 36 4
30204.0000	60 6 7
30629.0000	61 25 22
30689.0000	62 51 3
31495.0000	63 53 54
33948.0000	64 30 18
34101.0000	65 47 55
34333.0000	66 25 61
34766.0000	67 25 2
36295.0000	68 54 58
39517.0000	69 73 9
39557.0000	70 54 1
44415.0000	71 20 39
52887.0000	72 20 29
57884.0000	73 11 72
63010.0000	74 11 52
