3047.0000	1 48 36
3048.0000	2 36 74
3211.0000	3 48 57
3380.0000	4 36 73
3445.0000	5 48 6
3500.0000	6 36 46
3573.0000	7 48 60
3829.0000	8 48 31
3949.0000	9 48 45
3951.0000	10 36 75
4336.0000	11 48 32
4731.0000	12 48 30
4872.0000	13 48 67
4992.0000	14 48 44
5401.0000	15 48 33
6145.0000	16 48 40
7199.0000	17 48 23
7305.0000	18 36 59
7439.0000	19 48 35
7904.0000	20 44 41
8159.0000	21 44 63
8732.0000	22 74 17
8914.0000	23 74 49
9065.0000	24 74 14
9327.0000	25 46 24
9340.0000	26 48 43
9468.0000	27 44 50
9602.0000	28 48 47
9648.0000	29 74 65
9703.0000	30 48 62
9776.0000	31 48 71
9805.0000	32 46 64
9895.0000	33 48 38
9983.0000	34 46 68
10530.0000	35 48 66
10724.0000	36 50 25
11562.0000	37 50 37
12195.0000	38 75 51
12720.0000	39 44 28
13204.0000	40 75 26
13548.0000	41 73 27
13995.0000	42 75 8
15236.0000	43 27 69
16412.0000	44 75 42
16563.0000	45 74 21
16843.0000	46 41 19
17267.0000	47 42 70
18589.0000	48 48 20
18962.0000	49 35 56
23862.0000	50 73 10
24135.0000	51 20 13
24361.0000	52 47 12
26962.0000	53 59 53
27614.0000	54 47 11
27968.0000	55 25 0
28922.0000	56 50 34
29013.0000	57 36 15
29201.0000	58 6 5
29203.0000	59 25 16
29417.0000	60 36 4
30204.0000	61 6 7
30629.0000	62 25 22
30689.0000	63 51 3
31883.0000	64 6 54
33948.0000	65 30 18
34101.0000	66 47 55
34333.0000	67 25 61
34766.0000	68 25 2
36295.0000	69 54 58
39517.0000	70 73 9
39557.0000	71 54 1
44415.0000	72 20 39
52887.0000	73 20 29
57884.0000	74 11 72
63010.0000	75 11 52
