5 1
5 6
5 3
5 11
5 10
5 15
5 19
5 16
5 8
5 13
5 4
5 0
6 1
6 5
6 3
6 11
6 10
6 14
6 15
6 19
6 12
6 16
6 8
6 13
6 4
6 0
6 18
16 18
16 0
16 4
16 1
16 5
16 6
16 17
16 3
16 11
16 10
16 14
16 15
16 12
16 8
16 13
24 20
24 22
24 21
24 23
23 22
23 20
23 24
22 23
22 20
22 24
21 20
21 24
20 22
20 23
20 21
20 24
20 4
20 0
19 1
19 5
19 6
19 3
19 11
19 12
19 16
19 8
19 13
19 4
19 0
18 1
18 6
18 3
18 11
18 16
18 8
18 13
18 4
18 0
15 5
15 6
15 17
15 11
15 10
15 12
15 16
15 8
15 13
14 1
14 6
14 3
14 11
14 9
14 16
14 13
14 7
14 0
13 1
13 5
13 6
13 17
13 3
13 11
13 10
13 14
13 9
13 15
13 19
13 12
13 16
13 4
13 2
12 1
12 3
12 11
12 10
12 15
12 19
12 16
12 8
12 13
12 4
12 0
11 1
11 5
11 6
11 3
11 10
11 14
11 15
11 19
11 12
11 16
11 8
11 13
11 4
11 7
11 0
11 18
10 5
10 6
10 3
10 11
10 15
10 12
10 16
10 8
10 13
10 4
10 0
9 3
9 14
9 13
8 1
8 5
8 6
8 17
8 11
8 10
8 15
8 19
8 12
8 13
8 4
8 0
8 18
8 2
7 1
7 3
7 11
7 14
7 0
17 15
17 16
17 8
17 13
17 4
4 1
4 20
4 5
4 6
4 17
4 3
4 11
4 10
4 19
4 12
4 16
4 8
4 13
4 0
4 18
2 1
2 17
2 8
2 13
2 0
1 5
1 6
1 3
1 11
1 14
1 19
1 12
1 16
1 8
1 13
1 4
1 7
1 0
1 18
1 2
0 1
0 20
0 5
0 6
0 3
0 11
0 10
0 14
0 19
0 12
0 16
0 8
0 13
0 4
0 7
0 18
0 2
3 1
3 5
3 6
3 11
3 10
3 14
3 9
3 19
3 12
3 8
3 13
3 4
3 7
3 0
3 18
