24361.0000	1 12 47
26805.0000	2 12 73
26930.0000	3 12 6
26938.0000	4 12 25
27053.0000	5 12 75
27063.0000	6 12 42
27303.0000	7 12 56
27979.0000	8 12 14
28084.0000	9 25 0
28390.0000	10 25 36
28541.0000	11 47 31
28667.0000	12 47 66
28675.0000	13 47 8
28787.0000	14 66 38
28939.0000	15 47 41
29034.0000	16 47 51
29041.0000	17 66 71
29042.0000	18 66 62
29298.0000	19 25 16
29312.0000	20 47 59
29430.0000	21 36 4
29490.0000	22 47 21
29515.0000	23 66 46
29610.0000	24 47 50
29681.0000	25 25 5
30025.0000	26 66 63
30209.0000	27 12 32
30224.0000	28 25 7
30345.0000	29 12 48
30349.0000	30 12 24
30642.0000	31 21 68
30740.0000	32 12 20
30740.0000	33 25 22
30854.0000	34 75 3
31284.0000	35 12 65
31557.0000	36 12 28
31765.0000	37 6 53
31812.0000	38 12 23
31883.0000	39 6 54
32136.0000	40 53 67
32169.0000	41 32 11
32541.0000	42 12 15
32740.0000	43 12 64
33194.0000	44 47 19
34101.0000	45 47 55
34185.0000	46 12 27
34333.0000	47 25 61
34339.0000	48 48 18
34729.0000	49 18 30
34766.0000	50 25 2
35783.0000	51 48 34
36295.0000	52 54 58
36937.0000	53 62 70
39176.0000	54 6 74
39517.0000	55 73 9
39557.0000	56 54 1
39747.0000	57 30 69
40345.0000	58 12 33
43819.0000	59 58 13
43838.0000	60 42 10
44222.0000	61 42 26
47731.0000	62 9 39
48908.0000	63 20 44
50613.0000	64 11 35
52887.0000	65 20 29
57884.0000	66 11 72
63010.0000	67 11 52
63547.0000	68 11 37
64188.0000	69 11 60
72324.0000	70 11 49
114735.0000	71 31 43
161891.0000	72 11 45
