18962.0000	1 56 35
19082.0000	2 56 44
19221.0000	3 56 60
19223.0000	4 56 69
19366.0000	5 56 75
20391.0000	6 60 30
20523.0000	7 60 24
20782.0000	8 56 32
21732.0000	9 60 74
22008.0000	10 60 48
22340.0000	11 56 46
22526.0000	12 60 27
22784.0000	13 60 73
23032.0000	14 60 25
23101.0000	15 25 36
23116.0000	16 25 26
23399.0000	17 56 31
23405.0000	18 26 68
23637.0000	19 25 6
23659.0000	20 56 20
23680.0000	21 25 23
23926.0000	22 56 64
23928.0000	23 26 59
24046.0000	24 56 63
24101.0000	25 60 42
24276.0000	26 25 13
24598.0000	27 56 10
26091.0000	28 23 62
26360.0000	29 10 8
26629.0000	30 26 14
26867.0000	31 73 12
26962.0000	32 59 53
27001.0000	33 23 65
27751.0000	34 6 66
27802.0000	35 73 38
27972.0000	36 25 0
28420.0000	37 12 47
28975.0000	38 59 71
29105.0000	39 59 34
29124.0000	40 6 51
29244.0000	41 6 5
29284.0000	42 25 16
29440.0000	43 42 4
29773.0000	44 23 28
29893.0000	45 23 15
29963.0000	46 71 50
30204.0000	47 6 7
30395.0000	48 23 41
30629.0000	49 25 22
30642.0000	50 68 21
31089.0000	51 42 3
31389.0000	52 23 11
31883.0000	53 6 54
33573.0000	54 41 70
34177.0000	55 23 18
34333.0000	56 25 61
34766.0000	57 25 2
36295.0000	58 54 58
36607.0000	59 47 19
37637.0000	60 53 55
39517.0000	61 73 9
39557.0000	62 54 1
40238.0000	63 12 33
44415.0000	64 20 39
52887.0000	65 20 29
57884.0000	66 11 72
63010.0000	67 11 52
63547.0000	68 11 37
72324.0000	69 11 49
114735.0000	70 31 43
161891.0000	71 11 45
