0.0000	1 68 21
5.0000	2 68 71
6.0000	3 21 0
9.0000	4 71 66
8738.0000	5 21 49
8858.0000	6 21 75
8961.0000	7 21 73
9299.0000	8 71 31
9351.0000	9 71 30
9454.0000	10 66 72
9471.0000	11 71 28
9570.0000	12 71 47
9574.0000	13 66 40
9754.0000	14 21 14
9785.0000	15 66 59
9818.0000	16 71 48
9914.0000	17 66 38
9930.0000	18 21 35
10050.0000	19 68 46
10103.0000	20 68 45
10116.0000	21 68 65
10126.0000	22 21 64
10327.0000	23 71 43
10447.0000	24 71 41
10988.0000	25 68 32
11099.0000	26 68 50
11145.0000	27 66 74
11239.0000	28 68 23
11512.0000	29 68 37
11701.0000	30 21 24
11869.0000	31 21 33
12895.0000	32 68 51
13133.0000	33 68 26
13295.0000	34 71 27
17841.0000	35 21 69
20755.0000	36 21 19
20976.0000	37 21 20
27851.0000	38 66 6
27968.0000	39 0 25
28390.0000	40 66 8
28811.0000	41 66 12
29041.0000	42 66 62
29296.0000	43 71 15
29405.0000	44 71 16
30068.0000	45 66 63
30755.0000	46 68 22
40012.0000	47 0 53
40024.0000	48 68 9
45258.0000	49 0 55
47139.0000	50 0 13
47913.0000	51 0 39
48979.0000	52 0 1
50912.0000	53 0 42
51049.0000	54 0 54
53135.0000	55 0 10
53360.0000	56 0 11
53818.0000	57 0 2
63376.0000	58 0 4
90126.0000	59 21 56
95935.0000	60 0 3
96055.0000	61 0 44
97949.0000	62 0 52
100079.0000	63 0 58
101830.0000	64 0 70
103006.0000	65 21 18
106878.0000	66 21 29
130888.0000	67 21 60
