0 21
1 49
1 54
1 55
1 58
2 31
2 60
3 11
3 42
5 34
5 59
6 12
6 19
6 20
6 34
6 38
6 54
7 55
8 17
8 19
8 38
8 43
8 50
8 62
8 65
8 69
8 74
8 75
9 0
9 21
9 68
10 13
11 19
11 47
11 50
11 60
12 6
12 19
12 20
12 30
12 33
12 38
12 48
12 49
12 53
12 56
12 60
12 62
12 73
12 74
12 75
13 10
13 59
14 38
14 45
14 48
15 16
16 55
17 8
17 24
17 38
17 50
17 60
17 74
19 6
19 8
19 11
19 12
19 30
19 33
19 38
19 43
19 47
19 62
19 75
20 6
20 12
20 38
20 48
20 53
21 0
21 68
22 26
24 17
24 30
24 47
24 50
24 60
24 74
25 44
26 22
27 23
28 23
28 33
30 12
30 19
30 24
30 38
30 50
30 60
30 70
30 74
30 75
31 32
32 31
33 12
33 19
33 44
33 48
33 49
33 54
33 58
34 5
34 6
34 35
34 36
34 59
35 62
35 65
37 60
37 75
38 6
38 8
38 12
38 17
38 19
38 20
38 30
38 43
38 47
38 48
38 56
38 62
38 69
38 74
38 75
39 58
42 8
42 70
43 8
43 19
43 38
43 45
43 60
43 69
43 75
45 43
45 46
46 45
46 65
47 11
47 19
47 24
47 38
47 50
47 60
47 75
48 12
48 20
48 33
48 38
49 1
49 12
49 33
49 55
49 58
49 59
49 63
49 73
50 8
50 11
50 17
50 24
50 30
50 47
50 60
50 75
51 14
51 28
51 32
51 64
53 12
53 20
53 33
53 54
53 55
53 58
53 73
54 1
54 6
54 33
54 53
54 55
54 58
54 62
54 73
55 1
55 49
55 53
55 54
55 58
55 73
56 12
56 38
57 74
58 33
58 39
58 63
59 5
59 34
60 11
60 12
60 17
60 24
60 30
60 37
60 43
60 47
60 50
60 69
60 74
60 75
62 8
62 12
62 19
62 35
62 38
62 54
62 74
63 49
63 58
64 65
65 8
65 35
65 46
65 64
66 71
68 21
68 71
69 8
69 38
69 43
69 60
69 74
70 8
70 30
70 42
71 66
73 12
73 49
73 53
73 54
73 55
73 58
73 75
74 8
74 12
74 17
74 24
74 30
74 38
74 60
74 62
74 69
74 75
75 8
75 12
75 19
75 30
75 38
75 43
75 47
75 50
75 60
75 73
75 74
