3546.0000	1 50 45
3667.0000	2 50 6
3807.0000	3 50 65
3946.0000	4 50 74
4193.0000	5 50 17
4313.0000	6 50 63
4438.0000	7 50 57
4594.0000	8 50 28
4843.0000	9 50 35
5350.0000	10 50 14
5435.0000	11 50 37
5631.0000	12 50 40
5810.0000	13 65 30
6012.0000	14 50 75
7039.0000	15 65 60
7345.0000	16 50 25
8401.0000	17 65 31
8515.0000	18 50 41
8686.0000	19 65 67
8830.0000	20 50 62
8894.0000	21 65 64
8928.0000	22 60 59
9121.0000	23 50 72
9298.0000	24 50 49
9321.0000	25 60 23
9468.0000	26 50 44
9821.0000	27 65 43
10062.0000	28 45 68
10350.0000	29 65 21
10360.0000	30 23 33
10380.0000	31 40 48
10530.0000	32 48 66
10574.0000	33 40 71
10676.0000	34 74 73
11104.0000	35 14 51
11270.0000	36 48 46
11283.0000	37 40 38
11298.0000	38 44 32
11574.0000	39 74 24
11610.0000	40 48 47
15493.0000	41 51 69
16787.0000	42 47 36
16793.0000	43 50 42
16913.0000	44 50 8
16941.0000	45 51 19
17059.0000	46 30 27
17080.0000	47 23 26
17169.0000	48 23 70
18589.0000	49 48 20
18635.0000	50 59 53
18962.0000	51 35 56
23862.0000	52 73 10
24361.0000	53 47 12
24392.0000	54 56 13
27614.0000	55 47 11
27968.0000	56 25 0
28922.0000	57 50 34
29201.0000	58 6 5
29284.0000	59 25 16
29285.0000	60 71 15
29388.0000	61 6 4
30204.0000	62 6 7
30629.0000	63 25 22
30689.0000	64 51 3
31883.0000	65 6 54
33952.0000	66 30 18
34101.0000	67 47 55
34333.0000	68 25 61
34766.0000	69 25 2
36295.0000	70 54 58
39517.0000	71 73 9
39557.0000	72 54 1
44415.0000	73 20 39
52887.0000	74 20 29
63010.0000	75 11 52
