8084.0000	1 72 28
8204.0000	2 72 62
9125.0000	3 72 50
9508.0000	4 72 66
57884.0000	5 72 11
58135.0000	6 11 39
58266.0000	7 11 74
58785.0000	8 11 26
59962.0000	9 11 27
61563.0000	10 11 59
61695.0000	11 11 73
61829.0000	12 11 38
62883.0000	13 11 16
63010.0000	14 11 52
63146.0000	15 11 65
63547.0000	16 11 37
63944.0000	17 11 30
64188.0000	18 11 60
64839.0000	19 11 64
66623.0000	20 11 24
67534.0000	21 11 33
67535.0000	22 33 12
68443.0000	23 11 75
68818.0000	24 12 5
69610.0000	25 11 0
69610.0000	26 0 4
69749.0000	27 11 20
69876.0000	28 11 29
70392.0000	29 11 54
70521.0000	30 11 63
70782.0000	31 11 2
71174.0000	32 11 3
71437.0000	33 11 58
71941.0000	34 11 18
72324.0000	35 11 49
74246.0000	36 11 31
75155.0000	37 11 46
75806.0000	38 11 35
76471.0000	39 11 32
84755.0000	40 11 42
85307.0000	41 11 21
87258.0000	42 11 10
87552.0000	43 2 8
87911.0000	44 11 14
88641.0000	45 5 56
89160.0000	46 31 41
90533.0000	47 35 61
90947.0000	48 0 9
91178.0000	49 11 44
91606.0000	50 33 47
92932.0000	51 3 13
94569.0000	52 58 1
95145.0000	53 3 55
95955.0000	54 33 15
96737.0000	55 11 7
99590.0000	56 14 19
101328.0000	57 32 70
102988.0000	58 30 69
107041.0000	59 44 51
114225.0000	60 52 48
114735.0000	61 31 43
115861.0000	62 75 22
118009.0000	63 64 23
149020.0000	64 11 6
161891.0000	65 11 45
187850.0000	66 60 68
196581.0000	67 59 25
265899.0000	68 74 71
