18962.0000	1 56 35
19082.0000	2 56 44
19221.0000	3 56 60
19333.0000	4 56 69
19366.0000	5 56 75
20782.0000	6 56 32
22340.0000	7 56 46
22872.0000	8 56 24
22992.0000	9 56 48
23272.0000	10 56 73
23399.0000	11 56 31
23530.0000	12 56 25
23659.0000	13 56 20
23926.0000	14 56 64
24004.0000	15 56 63
24381.0000	16 64 27
24439.0000	17 56 13
24512.0000	18 56 6
24598.0000	19 56 10
25808.0000	20 56 42
26569.0000	21 64 65
26866.0000	22 64 23
26867.0000	23 48 38
26908.0000	24 63 74
26971.0000	25 56 14
27056.0000	26 42 12
27082.0000	27 74 50
27172.0000	28 65 62
27202.0000	29 74 36
27292.0000	30 65 59
27407.0000	31 65 8
27499.0000	32 65 47
27804.0000	33 48 19
28563.0000	34 74 71
29014.0000	35 36 15
29245.0000	36 42 51
29417.0000	37 36 4
29469.0000	38 65 28
29668.0000	39 14 30
30018.0000	40 23 34
30025.0000	41 63 66
30063.0000	42 14 41
30099.0000	43 48 16
30204.0000	44 6 7
30483.0000	45 14 5
30629.0000	46 25 22
31089.0000	47 42 3
31363.0000	48 6 53
31381.0000	49 23 11
31883.0000	50 6 54
34101.0000	51 47 55
34156.0000	52 31 18
34333.0000	53 25 61
34766.0000	54 25 2
36190.0000	55 14 68
36295.0000	56 54 58
36340.0000	57 14 21
36633.0000	58 5 70
39517.0000	59 73 9
39557.0000	60 54 1
40051.0000	61 53 0
40238.0000	62 12 33
44222.0000	63 42 26
44415.0000	64 20 39
52887.0000	65 20 29
57884.0000	66 11 72
63010.0000	67 11 52
63547.0000	68 11 37
72324.0000	69 11 49
114735.0000	70 31 43
161891.0000	71 11 45
